60 60
200
20 3
20 4
20 5
20 6
10 10
11 11
10 11
11 10
40 20 
40 21 
41 20 
41 21 
40 30 
39 30 
41 30 
38 31
37 32 
37 33
42 31
43 32
43 33
42 35 
41 36 
40 36 
39 36 
38 35 
40 34 
40 37
41 40 
42 40 
43 40 
41 41 
42 41 
43 41 
40 42
44 42 
40 44 
39 44 
44 44 
45 44 
42 54 
43 54 
42 55 
43 55
10 50
11 50
9 50
16 45
17 45
16 46
17 46
18 47
19 47
18 48
19 48
30 30
10 10
10 11
10 12
16 16
16 17
17 16
17 17
4 18
4 19
5 18
5 19
6 20
6 21
7 20
7 21
18 7
18 10
19 11
20 7
20 11
21 8
21 9
21 10
21 11